# Regenerated from CONFIG.D by check_coord.py; rerun after rebuilding CONFIG.D.
# CONFIG.D SHA256: 97e79d8b16e03ab3bb80a4fd22990080e2f995e66645c7b05abc4794e016c209
# Criterion: nonbonded coordination below per-type mode at 2.85e-10 m.
# Complete core-shell molecules: 2869 ions, 5738 particles.
group defects id &
    25133 25134 25201 25202 25211 25212 25213 25214 28247 28248 28303 28304 &
    28313 28314 28315 28316 28317 28318 28325 28326 28327 28328 28383 28384 &
    28385 28386 28391 28392 28393 28394 28395 28396 31595 31596 31605 31606 &
    31609 31610 31675 31676 31677 31678 31683 31684 31685 31686 31687 31688 &
    39249 39250 39251 39252 39253 39254 39257 39258 39259 39260 39261 39262 &
    39263 39264 39331 39332 39335 39336 39341 39342 39343 39344 43153 43154 &
    43159 43160 43163 43164 43167 43168 43233 43234 43235 43236 43241 43242 &
    43243 43244 43245 43246 60981 60982 61049 61050 61059 61060 61061 61062 &
    65771 65772 65781 65782 65785 65786 65851 65852 65853 65854 65859 65860 &
    65861 65862 65863 65864 104941 104942 105009 105010 105019 105020 105021 105022 &
    111171 111172 111181 111182 111185 111186 111251 111252 111253 111254 111259 111260 &
    111261 111262 111263 111264 124451 124452 124519 124520 124529 124530 124531 124532 &
    124601 124602 124669 124670 124679 124680 124681 124682 131221 131222 131231 131232 &
    131235 131236 131301 131302 131303 131304 131309 131310 131311 131312 131313 131314 &
    131369 131370 131379 131380 131383 131384 131449 131450 131451 131452 131457 131458 &
    131459 131460 131461 131462 131529 131530 131539 131540 131541 131542 138411 138412 &
    138421 138422 138425 138426 138491 138492 138493 138494 138499 138500 138501 138502 &
    138503 138504 145727 145728 145795 145796 145805 145806 145807 145808 153037 153038 &
    153047 153048 153051 153052 153117 153118 153119 153120 153125 153126 153127 153128 &
    153129 153130 160713 160714 160781 160782 160791 160792 160793 160794 168383 168384 &
    168393 168394 168397 168398 168463 168464 168465 168466 168471 168472 168473 168474 &
    168475 168476 210135 210136 210145 210146 210225 210226 218799 218800 218803 218804 &
    218805 218806 218807 218808 218809 218810 218813 218814 218815 218816 218817 218818 &
    218819 218820 218823 218824 218825 218826 218827 218828 218829 218830 218839 218840 &
    218889 218890 218891 218892 218893 218894 218895 218896 218903 218904 218963 218964 &
    218965 218966 218967 218968 219047 219048 227621 227622 227625 227626 227627 227628 &
    227629 227630 227631 227632 227635 227636 227637 227638 227639 227640 227641 227642 &
    227645 227646 227647 227648 227649 227650 227651 227652 227655 227656 227657 227658 &
    227659 227660 227661 227662 227665 227666 227667 227668 227669 227670 227671 227672 &
    227675 227676 227677 227678 227679 227680 227681 227682 227691 227692 227711 227712 &
    227713 227714 227715 227716 227717 227718 227719 227720 227721 227722 227723 227724 &
    227731 227732 227761 227762 227767 227768 227769 227770 227819 227820 227823 227824 &
    227825 227826 227827 227828 227831 227832 227833 227834 227835 227836 227837 227838 &
    227907 227908 236569 236570 236573 236574 236575 236576 236577 236578 236579 236580 &
    236583 236584 236585 236586 236587 236588 236589 236590 236593 236594 236595 236596 &
    236597 236598 236599 236600 236603 236604 236605 236606 236607 236608 236609 236610 &
    236613 236614 236615 236616 236617 236618 236619 236620 236623 236624 236625 236626 &
    236627 236628 236629 236630 236633 236634 236635 236636 236637 236638 236639 236640 &
    236643 236644 236645 236646 236647 236648 236649 236650 236653 236654 236655 236656 &
    236657 236658 236659 236660 236661 236662 236663 236664 236665 236666 236667 236668 &
    236669 236670 236671 236672 236673 236674 236675 236676 236677 236678 236683 236684 &
    236685 236686 236687 236688 236689 236690 236691 236692 236711 236712 236715 236716 &
    236717 236718 236719 236720 236723 236724 236725 236726 236727 236728 236731 236732 &
    236733 236734 236735 236736 236739 236740 236741 236742 236743 236744 236747 236748 &
    236749 236750 236751 236752 236753 236754 236759 236760 236793 236794 236803 236804 &
    236813 236814 245635 245636 245639 245640 245641 245642 245643 245644 245645 245646 &
    245649 245650 245651 245652 245653 245654 245655 245656 245659 245660 245661 245662 &
    245663 245664 245665 245666 245669 245670 245671 245672 245673 245674 245675 245676 &
    245679 245680 245681 245682 245683 245684 245685 245686 245689 245690 245691 245692 &
    245693 245694 245695 245696 245699 245700 245701 245702 245703 245704 245705 245706 &
    245709 245710 245711 245712 245713 245714 245715 245716 245719 245720 245721 245722 &
    245723 245724 245725 245726 245727 245728 245729 245730 245731 245732 245733 245734 &
    245735 245736 245737 245738 245739 245740 245741 245742 245743 245744 245747 245748 &
    245749 245750 245751 245752 245755 245756 245757 245758 245759 245760 245763 245764 &
    245765 245766 245767 245768 245771 245772 245773 245774 245775 245776 245779 245780 &
    245781 245782 245783 245784 245787 245788 245789 245790 245791 245792 245795 245796 &
    245797 245798 245799 245800 245803 245804 245805 245806 245807 245808 245809 245810 &
    245819 245820 245829 245830 245839 245840 245849 245850 245859 245860 245869 245870 &
    245879 245880 254841 254842 254845 254846 254847 254848 254849 254850 254851 254852 &
    254855 254856 254857 254858 254859 254860 254861 254862 254865 254866 254867 254868 &
    254869 254870 254871 254872 254875 254876 254877 254878 254879 254880 254881 254882 &
    254885 254886 254887 254888 254889 254890 254891 254892 254895 254896 254897 254898 &
    254899 254900 254901 254902 254905 254906 254907 254908 254909 254910 254911 254912 &
    254915 254916 254917 254918 254919 254920 254921 254922 254925 254926 254927 254928 &
    254929 254930 254931 254932 254933 254934 254935 254936 254937 254938 254939 254940 &
    254941 254942 254943 254944 254945 254946 254947 254948 254949 254950 254953 254954 &
    254955 254956 254957 254958 254961 254962 254963 254964 254965 254966 254969 254970 &
    254971 254972 254973 254974 254977 254978 254979 254980 254981 254982 254985 254986 &
    254987 254988 254989 254990 254993 254994 254995 254996 254997 254998 255001 255002 &
    255003 255004 255005 255006 255009 255010 255011 255012 255013 255014 255017 255018 &
    255019 255020 255023 255024 255033 255034 255043 255044 255053 255054 255063 255064 &
    255073 255074 255083 255084 255093 255094 255103 255104 264225 264226 264229 264230 &
    264231 264232 264233 264234 264235 264236 264239 264240 264241 264242 264243 264244 &
    264245 264246 264249 264250 264251 264252 264253 264254 264255 264256 264259 264260 &
    264261 264262 264263 264264 264265 264266 264269 264270 264271 264272 264273 264274 &
    264275 264276 264279 264280 264281 264282 264283 264284 264285 264286 264289 264290 &
    264291 264292 264293 264294 264295 264296 264299 264300 264301 264302 264303 264304 &
    264305 264306 264309 264310 264311 264312 264313 264314 264315 264316 264317 264318 &
    264319 264320 264321 264322 264323 264324 264325 264326 264327 264328 264329 264330 &
    264331 264332 264333 264334 264337 264338 264339 264340 264341 264342 264345 264346 &
    264347 264348 264349 264350 264353 264354 264355 264356 264357 264358 264361 264362 &
    264363 264364 264365 264366 264369 264370 264371 264372 264373 264374 264377 264378 &
    264379 264380 264381 264382 264385 264386 264387 264388 264389 264390 264393 264394 &
    264395 264396 264397 264398 264401 264402 264403 264404 264407 264408 264417 264418 &
    264427 264428 264437 264438 264447 264448 264457 264458 264467 264468 264477 264478 &
    264487 264488 273789 273790 273793 273794 273795 273796 273797 273798 273799 273800 &
    273803 273804 273805 273806 273807 273808 273809 273810 273813 273814 273815 273816 &
    273817 273818 273819 273820 273823 273824 273825 273826 273827 273828 273829 273830 &
    273833 273834 273835 273836 273837 273838 273839 273840 273843 273844 273845 273846 &
    273847 273848 273849 273850 273853 273854 273855 273856 273857 273858 273859 273860 &
    273863 273864 273865 273866 273867 273868 273869 273870 273873 273874 273875 273876 &
    273877 273878 273879 273880 273881 273882 273883 273884 273885 273886 273887 273888 &
    273889 273890 273891 273892 273893 273894 273895 273896 273897 273898 273901 273902 &
    273903 273904 273905 273906 273909 273910 273911 273912 273913 273914 273917 273918 &
    273919 273920 273921 273922 273925 273926 273927 273928 273929 273930 273933 273934 &
    273935 273936 273937 273938 273941 273942 273943 273944 273945 273946 273949 273950 &
    273951 273952 273953 273954 273957 273958 273959 273960 273961 273962 273965 273966 &
    273967 273968 273971 273972 273981 273982 273991 273992 274001 274002 274011 274012 &
    274021 274022 274031 274032 274041 274042 274051 274052 283533 283534 283537 283538 &
    283539 283540 283541 283542 283543 283544 283547 283548 283549 283550 283551 283552 &
    283553 283554 283557 283558 283559 283560 283561 283562 283563 283564 283567 283568 &
    283569 283570 283571 283572 283573 283574 283577 283578 283579 283580 283581 283582 &
    283583 283584 283587 283588 283589 283590 283591 283592 283593 283594 283597 283598 &
    283599 283600 283601 283602 283603 283604 283607 283608 283609 283610 283611 283612 &
    283613 283614 283617 283618 283619 283620 283621 283622 283623 283624 283625 283626 &
    283627 283628 283629 283630 283631 283632 283633 283634 283635 283636 283637 283638 &
    283639 283640 283641 283642 283645 283646 283647 283648 283649 283650 283653 283654 &
    283655 283656 283657 283658 283661 283662 283663 283664 283665 283666 283669 283670 &
    283671 283672 283673 283674 283677 283678 283679 283680 283681 283682 283685 283686 &
    283687 283688 283689 283690 283693 283694 283695 283696 283697 283698 283701 283702 &
    283703 283704 283705 283706 283709 283710 283711 283712 283715 283716 283725 283726 &
    283735 283736 283745 283746 283755 283756 283765 283766 283775 283776 283785 283786 &
    283795 283796 293457 293458 293461 293462 293463 293464 293465 293466 293467 293468 &
    293471 293472 293473 293474 293475 293476 293477 293478 293481 293482 293483 293484 &
    293485 293486 293487 293488 293491 293492 293493 293494 293495 293496 293497 293498 &
    293501 293502 293503 293504 293505 293506 293507 293508 293511 293512 293513 293514 &
    293515 293516 293517 293518 293521 293522 293523 293524 293525 293526 293527 293528 &
    293531 293532 293533 293534 293535 293536 293537 293538 293541 293542 293543 293544 &
    293545 293546 293547 293548 293549 293550 293551 293552 293553 293554 293555 293556 &
    293557 293558 293559 293560 293561 293562 293563 293564 293565 293566 293569 293570 &
    293571 293572 293573 293574 293577 293578 293579 293580 293581 293582 293585 293586 &
    293587 293588 293589 293590 293593 293594 293595 293596 293597 293598 293601 293602 &
    293603 293604 293605 293606 293609 293610 293611 293612 293613 293614 293617 293618 &
    293619 293620 293621 293622 293625 293626 293627 293628 293629 293630 293633 293634 &
    293635 293636 293639 293640 293649 293650 293659 293660 293669 293670 293679 293680 &
    293689 293690 293699 293700 293709 293710 293719 293720 294757 294758 294825 294826 &
    294835 294836 294837 294838 303561 303562 303565 303566 303567 303568 303569 303570 &
    303571 303572 303575 303576 303577 303578 303579 303580 303581 303582 303585 303586 &
    303587 303588 303589 303590 303591 303592 303595 303596 303597 303598 303599 303600 &
    303601 303602 303605 303606 303607 303608 303609 303610 303611 303612 303615 303616 &
    303617 303618 303619 303620 303621 303622 303625 303626 303627 303628 303629 303630 &
    303631 303632 303635 303636 303637 303638 303639 303640 303641 303642 303645 303646 &
    303647 303648 303649 303650 303651 303652 303653 303654 303655 303656 303657 303658 &
    303659 303660 303661 303662 303663 303664 303665 303666 303667 303668 303669 303670 &
    303673 303674 303675 303676 303677 303678 303681 303682 303683 303684 303685 303686 &
    303689 303690 303691 303692 303693 303694 303697 303698 303699 303700 303701 303702 &
    303705 303706 303707 303708 303709 303710 303713 303714 303715 303716 303717 303718 &
    303721 303722 303723 303724 303725 303726 303729 303730 303731 303732 303733 303734 &
    303737 303738 303739 303740 303743 303744 303753 303754 303763 303764 303773 303774 &
    303783 303784 303793 303794 303803 303804 303813 303814 303823 303824 304947 304948 &
    304957 304958 304961 304962 305027 305028 305029 305030 305035 305036 305037 305038 &
    305039 305040 313843 313844 313847 313848 313849 313850 313851 313852 313853 313854 &
    313857 313858 313859 313860 313861 313862 313863 313864 313867 313868 313869 313870 &
    313871 313872 313873 313874 313877 313878 313879 313880 313881 313882 313883 313884 &
    313887 313888 313889 313890 313891 313892 313893 313894 313897 313898 313899 313900 &
    313901 313902 313903 313904 313907 313908 313909 313910 313911 313912 313913 313914 &
    313917 313918 313919 313920 313921 313922 313923 313924 313927 313928 313929 313930 &
    313931 313932 313933 313934 313935 313936 313937 313938 313939 313940 313941 313942 &
    313943 313944 313945 313946 313947 313948 313949 313950 313951 313952 313955 313956 &
    313957 313958 313959 313960 313963 313964 313965 313966 313967 313968 313971 313972 &
    313973 313974 313975 313976 313979 313980 313981 313982 313983 313984 313987 313988 &
    313989 313990 313991 313992 313995 313996 313997 313998 313999 314000 314003 314004 &
    314005 314006 314007 314008 314011 314012 314013 314014 314015 314016 314019 314020 &
    314021 314022 314025 314026 314035 314036 314045 314046 314055 314056 314065 314066 &
    314075 314076 314085 314086 314095 314096 314105 314106 324307 324308 324311 324312 &
    324313 324314 324315 324316 324317 324318 324321 324322 324323 324324 324325 324326 &
    324327 324328 324331 324332 324333 324334 324335 324336 324337 324338 324341 324342 &
    324343 324344 324345 324346 324347 324348 324351 324352 324353 324354 324355 324356 &
    324357 324358 324361 324362 324363 324364 324365 324366 324367 324368 324371 324372 &
    324373 324374 324375 324376 324377 324378 324381 324382 324383 324384 324385 324386 &
    324387 324388 324391 324392 324393 324394 324395 324396 324397 324398 324399 324400 &
    324401 324402 324403 324404 324405 324406 324407 324408 324409 324410 324411 324412 &
    324413 324414 324415 324416 324419 324420 324421 324422 324423 324424 324427 324428 &
    324429 324430 324431 324432 324435 324436 324437 324438 324439 324440 324443 324444 &
    324445 324446 324447 324448 324451 324452 324453 324454 324455 324456 324459 324460 &
    324461 324462 324463 324464 324467 324468 324469 324470 324471 324472 324475 324476 &
    324477 324478 324479 324480 324483 324484 324485 324486 324489 324490 324499 324500 &
    324509 324510 324519 324520 324529 324530 324539 324540 324549 324550 324559 324560 &
    324569 324570 334951 334952 334955 334956 334957 334958 334959 334960 334961 334962 &
    334965 334966 334967 334968 334969 334970 334971 334972 334975 334976 334977 334978 &
    334979 334980 334981 334982 334985 334986 334987 334988 334989 334990 334991 334992 &
    334995 334996 334997 334998 334999 335000 335001 335002 335005 335006 335007 335008 &
    335009 335010 335011 335012 335015 335016 335017 335018 335019 335020 335021 335022 &
    335025 335026 335027 335028 335029 335030 335031 335032 335035 335036 335037 335038 &
    335039 335040 335041 335042 335043 335044 335045 335046 335047 335048 335049 335050 &
    335051 335052 335053 335054 335055 335056 335057 335058 335059 335060 335063 335064 &
    335065 335066 335067 335068 335071 335072 335073 335074 335075 335076 335079 335080 &
    335081 335082 335083 335084 335087 335088 335089 335090 335091 335092 335095 335096 &
    335097 335098 335099 335100 335103 335104 335105 335106 335107 335108 335111 335112 &
    335113 335114 335115 335116 335119 335120 335121 335122 335123 335124 335127 335128 &
    335129 335130 335133 335134 335143 335144 335153 335154 335163 335164 335173 335174 &
    335183 335184 335193 335194 335203 335204 335213 335214 345775 345776 345779 345780 &
    345781 345782 345783 345784 345785 345786 345789 345790 345791 345792 345793 345794 &
    345795 345796 345799 345800 345801 345802 345803 345804 345805 345806 345809 345810 &
    345811 345812 345813 345814 345815 345816 345819 345820 345821 345822 345823 345824 &
    345825 345826 345829 345830 345831 345832 345833 345834 345835 345836 345839 345840 &
    345841 345842 345843 345844 345845 345846 345849 345850 345851 345852 345853 345854 &
    345855 345856 345859 345860 345861 345862 345863 345864 345865 345866 345867 345868 &
    345869 345870 345871 345872 345873 345874 345875 345876 345877 345878 345879 345880 &
    345881 345882 345883 345884 345887 345888 345889 345890 345891 345892 345895 345896 &
    345897 345898 345899 345900 345903 345904 345905 345906 345907 345908 345911 345912 &
    345913 345914 345915 345916 345919 345920 345921 345922 345923 345924 345927 345928 &
    345929 345930 345931 345932 345935 345936 345937 345938 345939 345940 345943 345944 &
    345945 345946 345947 345948 345951 345952 345953 345954 345957 345958 345967 345968 &
    345977 345978 345987 345988 345997 345998 346007 346008 346017 346018 346027 346028 &
    346037 346038 356779 356780 356783 356784 356785 356786 356787 356788 356789 356790 &
    356793 356794 356795 356796 356797 356798 356799 356800 356803 356804 356805 356806 &
    356807 356808 356809 356810 356813 356814 356815 356816 356817 356818 356819 356820 &
    356823 356824 356825 356826 356827 356828 356829 356830 356833 356834 356835 356836 &
    356837 356838 356839 356840 356843 356844 356845 356846 356847 356848 356849 356850 &
    356853 356854 356855 356856 356857 356858 356859 356860 356863 356864 356865 356866 &
    356867 356868 356869 356870 356871 356872 356873 356874 356875 356876 356877 356878 &
    356879 356880 356881 356882 356883 356884 356885 356886 356887 356888 356891 356892 &
    356893 356894 356895 356896 356899 356900 356901 356902 356903 356904 356907 356908 &
    356909 356910 356911 356912 356915 356916 356917 356918 356919 356920 356923 356924 &
    356925 356926 356927 356928 356931 356932 356933 356934 356935 356936 356939 356940 &
    356941 356942 356943 356944 356947 356948 356949 356950 356951 356952 356955 356956 &
    356957 356958 356961 356962 356971 356972 356981 356982 356991 356992 357001 357002 &
    357011 357012 357021 357022 357031 357032 357041 357042 367963 367964 367967 367968 &
    367969 367970 367971 367972 367973 367974 367977 367978 367979 367980 367981 367982 &
    367983 367984 367987 367988 367989 367990 367991 367992 367993 367994 367997 367998 &
    367999 368000 368001 368002 368003 368004 368007 368008 368009 368010 368011 368012 &
    368013 368014 368017 368018 368019 368020 368021 368022 368023 368024 368027 368028 &
    368029 368030 368031 368032 368033 368034 368037 368038 368039 368040 368041 368042 &
    368043 368044 368047 368048 368049 368050 368051 368052 368053 368054 368055 368056 &
    368057 368058 368059 368060 368061 368062 368063 368064 368065 368066 368067 368068 &
    368069 368070 368071 368072 368075 368076 368077 368078 368079 368080 368083 368084 &
    368085 368086 368087 368088 368091 368092 368093 368094 368095 368096 368099 368100 &
    368101 368102 368103 368104 368107 368108 368109 368110 368111 368112 368115 368116 &
    368117 368118 368119 368120 368123 368124 368125 368126 368127 368128 368131 368132 &
    368133 368134 368135 368136 368139 368140 368141 368142 368145 368146 368155 368156 &
    368165 368166 368175 368176 368185 368186 368195 368196 368205 368206 368215 368216 &
    368225 368226 379313 379314 379317 379318 379319 379320 379321 379322 379323 379324 &
    379327 379328 379329 379330 379331 379332 379333 379334 379337 379338 379339 379340 &
    379341 379342 379343 379344 379347 379348 379349 379350 379351 379352 379353 379354 &
    379357 379358 379359 379360 379361 379362 379363 379364 379367 379368 379369 379370 &
    379371 379372 379373 379374 379377 379378 379379 379380 379381 379382 379383 379384 &
    379387 379388 379389 379390 379391 379392 379393 379394 379397 379398 379399 379400 &
    379401 379402 379403 379404 379405 379406 379407 379408 379409 379410 379411 379412 &
    379413 379414 379415 379416 379417 379418 379419 379420 379421 379422 379423 379424 &
    379427 379428 379429 379430 379433 379434 379437 379438 379439 379440 379443 379444 &
    379447 379448 379449 379450 379453 379454 379457 379458 379459 379460 379463 379464 &
    379467 379468 379469 379470 379473 379474 379477 379478 379479 379480 379483 379484 &
    379487 379488 379489 379490 379493 379494 379497 379498 379499 379500 379503 379504 &
    379507 379508 379513 379514 379523 379524 379533 379534 379543 379544 379553 379554 &
    379563 379564 379573 379574 379583 379584 379593 379594 390779 390780 390783 390784 &
    390785 390786 390787 390788 390789 390790 390793 390794 390795 390796 390797 390798 &
    390799 390800 390803 390804 390805 390806 390807 390808 390809 390810 390813 390814 &
    390815 390816 390817 390818 390819 390820 390823 390824 390825 390826 390827 390828 &
    390829 390830 390833 390834 390835 390836 390837 390838 390839 390840 390843 390844 &
    390845 390846 390847 390848 390849 390850 390853 390854 390855 390856 390857 390858 &
    390859 390860 390863 390864 390865 390866 390867 390868 390869 390870 390871 390872 &
    390873 390874 390875 390876 390877 390878 390879 390880 390881 390882 390883 390884 &
    390885 390886 390887 390888 390891 390892 390893 390894 390895 390896 390899 390900 &
    390901 390902 390903 390904 390907 390908 390909 390910 390911 390912 390915 390916 &
    390917 390918 390919 390920 390923 390924 390925 390926 390927 390928 390931 390932 &
    390933 390934 390935 390936 390939 390940 390941 390942 390943 390944 390947 390948 &
    390949 390950 390951 390952 390955 390956 390957 390958 390961 390962 390971 390972 &
    390981 390982 390991 390992 391001 391002 391011 391012 391021 391022 391031 391032 &
    391041 391042 402211 402212 402215 402216 402217 402218 402219 402220 402221 402222 &
    402225 402226 402227 402228 402229 402230 402231 402232 402235 402236 402237 402238 &
    402239 402240 402241 402242 402245 402246 402247 402248 402249 402250 402251 402252 &
    402255 402256 402257 402258 402259 402260 402261 402262 402265 402266 402267 402268 &
    402269 402270 402271 402272 402275 402276 402277 402278 402279 402280 402281 402282 &
    402285 402286 402287 402288 402289 402290 402291 402292 402295 402296 402297 402298 &
    402299 402300 402301 402302 402303 402304 402305 402306 402307 402308 402309 402310 &
    402311 402312 402313 402314 402315 402316 402317 402318 402319 402320 402323 402324 &
    402325 402326 402327 402328 402331 402332 402333 402334 402335 402336 402339 402340 &
    402341 402342 402343 402344 402347 402348 402349 402350 402351 402352 402355 402356 &
    402357 402358 402359 402360 402363 402364 402365 402366 402367 402368 402371 402372 &
    402373 402374 402375 402376 402379 402380 402381 402382 402383 402384 402387 402388 &
    402389 402390 402393 402394 402403 402404 402413 402414 402423 402424 402433 402434 &
    402443 402444 402453 402454 402463 402464 402473 402474 413521 413522 413525 413526 &
    413527 413528 413529 413530 413531 413532 413535 413536 413537 413538 413539 413540 &
    413541 413542 413545 413546 413547 413548 413549 413550 413551 413552 413555 413556 &
    413557 413558 413559 413560 413561 413562 413565 413566 413567 413568 413569 413570 &
    413571 413572 413575 413576 413577 413578 413579 413580 413581 413582 413585 413586 &
    413587 413588 413589 413590 413591 413592 413595 413596 413597 413598 413599 413600 &
    413601 413602 413605 413606 413607 413608 413609 413610 413611 413612 413613 413614 &
    413615 413616 413617 413618 413619 413620 413621 413622 413623 413624 413625 413626 &
    413627 413628 413629 413630 413633 413634 413635 413636 413637 413638 413641 413642 &
    413643 413644 413645 413646 413649 413650 413651 413652 413653 413654 413657 413658 &
    413659 413660 413661 413662 413665 413666 413667 413668 413669 413670 413673 413674 &
    413675 413676 413677 413678 413681 413682 413683 413684 413685 413686 413689 413690 &
    413691 413692 413693 413694 413697 413698 413699 413700 413703 413704 413713 413714 &
    413723 413724 413733 413734 413743 413744 413753 413754 413763 413764 413773 413774 &
    413783 413784 424657 424658 424661 424662 424663 424664 424665 424666 424667 424668 &
    424671 424672 424673 424674 424675 424676 424677 424678 424681 424682 424683 424684 &
    424685 424686 424687 424688 424691 424692 424693 424694 424695 424696 424697 424698 &
    424701 424702 424703 424704 424705 424706 424707 424708 424711 424712 424713 424714 &
    424715 424716 424717 424718 424721 424722 424723 424724 424725 424726 424727 424728 &
    424731 424732 424733 424734 424735 424736 424737 424738 424741 424742 424743 424744 &
    424745 424746 424747 424748 424749 424750 424751 424752 424753 424754 424755 424756 &
    424757 424758 424759 424760 424761 424762 424763 424764 424765 424766 424769 424770 &
    424771 424772 424773 424774 424777 424778 424779 424780 424781 424782 424785 424786 &
    424787 424788 424789 424790 424793 424794 424795 424796 424797 424798 424801 424802 &
    424803 424804 424805 424806 424809 424810 424811 424812 424813 424814 424817 424818 &
    424819 424820 424821 424822 424825 424826 424827 424828 424829 424830 424833 424834 &
    424835 424836 424839 424840 424849 424850 424859 424860 424869 424870 424879 424880 &
    424889 424890 424899 424900 424909 424910 424919 424920 435613 435614 435617 435618 &
    435619 435620 435621 435622 435623 435624 435627 435628 435629 435630 435631 435632 &
    435633 435634 435637 435638 435639 435640 435641 435642 435643 435644 435647 435648 &
    435649 435650 435651 435652 435653 435654 435657 435658 435659 435660 435661 435662 &
    435663 435664 435667 435668 435669 435670 435671 435672 435673 435674 435677 435678 &
    435679 435680 435681 435682 435683 435684 435687 435688 435689 435690 435691 435692 &
    435693 435694 435697 435698 435699 435700 435701 435702 435703 435704 435705 435706 &
    435707 435708 435709 435710 435711 435712 435713 435714 435715 435716 435717 435718 &
    435719 435720 435721 435722 435725 435726 435727 435728 435729 435730 435733 435734 &
    435735 435736 435737 435738 435741 435742 435743 435744 435745 435746 435749 435750 &
    435751 435752 435753 435754 435757 435758 435759 435760 435761 435762 435765 435766 &
    435767 435768 435769 435770 435773 435774 435775 435776 435777 435778 435781 435782 &
    435783 435784 435785 435786 435789 435790 435791 435792 435795 435796 435805 435806 &
    435815 435816 435825 435826 435835 435836 435845 435846 435855 435856 435865 435866 &
    435875 435876 446389 446390 446393 446394 446395 446396 446397 446398 446399 446400 &
    446403 446404 446405 446406 446407 446408 446409 446410 446413 446414 446415 446416 &
    446417 446418 446419 446420 446423 446424 446425 446426 446427 446428 446429 446430 &
    446433 446434 446435 446436 446437 446438 446439 446440 446443 446444 446445 446446 &
    446447 446448 446449 446450 446453 446454 446455 446456 446457 446458 446459 446460 &
    446463 446464 446465 446466 446467 446468 446469 446470 446473 446474 446475 446476 &
    446477 446478 446479 446480 446481 446482 446483 446484 446485 446486 446487 446488 &
    446489 446490 446491 446492 446493 446494 446495 446496 446497 446498 446501 446502 &
    446503 446504 446505 446506 446509 446510 446511 446512 446513 446514 446517 446518 &
    446519 446520 446521 446522 446525 446526 446527 446528 446529 446530 446533 446534 &
    446535 446536 446537 446538 446541 446542 446543 446544 446545 446546 446549 446550 &
    446551 446552 446553 446554 446557 446558 446559 446560 446561 446562 446565 446566 &
    446567 446568 446571 446572 446581 446582 446591 446592 446601 446602 446611 446612 &
    446621 446622 446631 446632 446641 446642 446651 446652 456985 456986 456989 456990 &
    456991 456992 456993 456994 456995 456996 456999 457000 457001 457002 457003 457004 &
    457005 457006 457009 457010 457011 457012 457013 457014 457015 457016 457019 457020 &
    457021 457022 457023 457024 457025 457026 457029 457030 457031 457032 457033 457034 &
    457035 457036 457039 457040 457041 457042 457043 457044 457045 457046 457049 457050 &
    457051 457052 457053 457054 457055 457056 457059 457060 457061 457062 457063 457064 &
    457065 457066 457069 457070 457071 457072 457073 457074 457075 457076 457077 457078 &
    457079 457080 457081 457082 457083 457084 457085 457086 457087 457088 457089 457090 &
    457091 457092 457093 457094 457097 457098 457099 457100 457101 457102 457105 457106 &
    457107 457108 457109 457110 457113 457114 457115 457116 457117 457118 457121 457122 &
    457123 457124 457125 457126 457129 457130 457131 457132 457133 457134 457137 457138 &
    457139 457140 457141 457142 457145 457146 457147 457148 457149 457150 457153 457154 &
    457155 457156 457157 457158 457161 457162 457163 457164 457167 457168 457177 457178 &
    457187 457188 457197 457198 457207 457208 457217 457218 457227 457228 457237 457238 &
    457247 457248 467401 467402 467405 467406 467407 467408 467409 467410 467411 467412 &
    467415 467416 467417 467418 467419 467420 467421 467422 467425 467426 467427 467428 &
    467429 467430 467431 467432 467435 467436 467437 467438 467439 467440 467441 467442 &
    467445 467446 467447 467448 467449 467450 467451 467452 467455 467456 467457 467458 &
    467459 467460 467461 467462 467465 467466 467467 467468 467469 467470 467471 467472 &
    467475 467476 467477 467478 467479 467480 467481 467482 467485 467486 467487 467488 &
    467489 467490 467491 467492 467493 467494 467495 467496 467497 467498 467499 467500 &
    467501 467502 467503 467504 467505 467506 467507 467508 467509 467510 467513 467514 &
    467515 467516 467517 467518 467521 467522 467523 467524 467525 467526 467529 467530 &
    467531 467532 467533 467534 467537 467538 467539 467540 467541 467542 467545 467546 &
    467547 467548 467549 467550 467553 467554 467555 467556 467557 467558 467561 467562 &
    467563 467564 467565 467566 467569 467570 467571 467572 467573 467574 467577 467578 &
    467579 467580 467583 467584 467593 467594 467603 467604 467613 467614 467623 467624 &
    467633 467634 467643 467644 467653 467654 467663 467664 477637 477638 477641 477642 &
    477643 477644 477645 477646 477647 477648 477651 477652 477653 477654 477655 477656 &
    477657 477658 477661 477662 477663 477664 477665 477666 477667 477668 477671 477672 &
    477673 477674 477675 477676 477677 477678 477681 477682 477683 477684 477685 477686 &
    477687 477688 477691 477692 477693 477694 477695 477696 477697 477698 477701 477702 &
    477703 477704 477705 477706 477707 477708 477711 477712 477713 477714 477715 477716 &
    477717 477718 477721 477722 477723 477724 477725 477726 477727 477728 477729 477730 &
    477731 477732 477733 477734 477735 477736 477737 477738 477739 477740 477741 477742 &
    477743 477744 477745 477746 477749 477750 477751 477752 477753 477754 477757 477758 &
    477759 477760 477761 477762 477765 477766 477767 477768 477769 477770 477773 477774 &
    477775 477776 477777 477778 477781 477782 477783 477784 477785 477786 477789 477790 &
    477791 477792 477793 477794 477797 477798 477799 477800 477801 477802 477805 477806 &
    477807 477808 477809 477810 477813 477814 477815 477816 477819 477820 477829 477830 &
    477839 477840 477849 477850 477859 477860 477869 477870 477879 477880 477889 477890 &
    477899 477900 487693 487694 487697 487698 487699 487700 487701 487702 487703 487704 &
    487707 487708 487709 487710 487711 487712 487713 487714 487717 487718 487719 487720 &
    487721 487722 487723 487724 487727 487728 487729 487730 487731 487732 487733 487734 &
    487737 487738 487739 487740 487741 487742 487743 487744 487747 487748 487749 487750 &
    487751 487752 487753 487754 487757 487758 487759 487760 487761 487762 487763 487764 &
    487767 487768 487769 487770 487771 487772 487773 487774 487777 487778 487779 487780 &
    487781 487782 487783 487784 487785 487786 487787 487788 487789 487790 487791 487792 &
    487793 487794 487795 487796 487797 487798 487799 487800 487801 487802 487805 487806 &
    487807 487808 487809 487810 487813 487814 487815 487816 487817 487818 487821 487822 &
    487823 487824 487825 487826 487829 487830 487831 487832 487833 487834 487837 487838 &
    487839 487840 487841 487842 487845 487846 487847 487848 487849 487850 487853 487854 &
    487855 487856 487857 487858 487861 487862 487863 487864 487865 487866 487869 487870 &
    487871 487872 487875 487876 487885 487886 487895 487896 487905 487906 487915 487916 &
    487925 487926 487935 487936 487945 487946 487955 487956 497569 497570 497573 497574 &
    497575 497576 497577 497578 497579 497580 497583 497584 497585 497586 497587 497588 &
    497589 497590 497593 497594 497595 497596 497597 497598 497599 497600 497603 497604 &
    497605 497606 497607 497608 497609 497610 497613 497614 497615 497616 497617 497618 &
    497619 497620 497623 497624 497625 497626 497627 497628 497629 497630 497633 497634 &
    497635 497636 497637 497638 497639 497640 497643 497644 497645 497646 497647 497648 &
    497649 497650 497653 497654 497655 497656 497657 497658 497659 497660 497661 497662 &
    497663 497664 497665 497666 497667 497668 497669 497670 497671 497672 497673 497674 &
    497675 497676 497677 497678 497681 497682 497683 497684 497685 497686 497689 497690 &
    497691 497692 497693 497694 497697 497698 497699 497700 497701 497702 497705 497706 &
    497707 497708 497709 497710 497713 497714 497715 497716 497717 497718 497721 497722 &
    497723 497724 497725 497726 497729 497730 497731 497732 497733 497734 497737 497738 &
    497739 497740 497741 497742 497745 497746 497747 497748 497751 497752 497761 497762 &
    497771 497772 497781 497782 497791 497792 497801 497802 497811 497812 497821 497822 &
    497831 497832 507265 507266 507269 507270 507271 507272 507273 507274 507275 507276 &
    507279 507280 507281 507282 507283 507284 507285 507286 507289 507290 507291 507292 &
    507293 507294 507295 507296 507299 507300 507301 507302 507303 507304 507305 507306 &
    507309 507310 507311 507312 507313 507314 507315 507316 507319 507320 507321 507322 &
    507323 507324 507325 507326 507329 507330 507331 507332 507333 507334 507335 507336 &
    507339 507340 507341 507342 507343 507344 507345 507346 507349 507350 507351 507352 &
    507353 507354 507355 507356 507357 507358 507359 507360 507361 507362 507363 507364 &
    507365 507366 507367 507368 507369 507370 507371 507372 507373 507374 507377 507378 &
    507379 507380 507381 507382 507385 507386 507387 507388 507389 507390 507393 507394 &
    507395 507396 507397 507398 507401 507402 507403 507404 507405 507406 507409 507410 &
    507411 507412 507413 507414 507417 507418 507419 507420 507421 507422 507425 507426 &
    507427 507428 507429 507430 507433 507434 507435 507436 507437 507438 507441 507442 &
    507443 507444 507447 507448 507457 507458 507467 507468 507477 507478 507487 507488 &
    507497 507498 507507 507508 507517 507518 507527 507528 516781 516782 516785 516786 &
    516787 516788 516789 516790 516791 516792 516795 516796 516797 516798 516799 516800 &
    516801 516802 516805 516806 516807 516808 516809 516810 516811 516812 516815 516816 &
    516817 516818 516819 516820 516821 516822 516825 516826 516827 516828 516829 516830 &
    516831 516832 516835 516836 516837 516838 516839 516840 516841 516842 516845 516846 &
    516847 516848 516849 516850 516851 516852 516855 516856 516857 516858 516859 516860 &
    516861 516862 516865 516866 516867 516868 516869 516870 516871 516872 516873 516874 &
    516875 516876 516877 516878 516879 516880 516881 516882 516883 516884 516885 516886 &
    516887 516888 516889 516890 516893 516894 516895 516896 516897 516898 516901 516902 &
    516903 516904 516905 516906 516909 516910 516911 516912 516913 516914 516917 516918 &
    516919 516920 516921 516922 516925 516926 516927 516928 516929 516930 516933 516934 &
    516935 516936 516937 516938 516941 516942 516943 516944 516945 516946 516949 516950 &
    516951 516952 516953 516954 516957 516958 516959 516960 516963 516964 516973 516974 &
    516983 516984 516993 516994 517003 517004 517013 517014 517023 517024 517033 517034 &
    517043 517044 526117 526118 526121 526122 526123 526124 526125 526126 526127 526128 &
    526131 526132 526133 526134 526135 526136 526137 526138 526141 526142 526143 526144 &
    526145 526146 526147 526148 526151 526152 526153 526154 526155 526156 526157 526158 &
    526161 526162 526163 526164 526165 526166 526167 526168 526171 526172 526173 526174 &
    526175 526176 526177 526178 526181 526182 526183 526184 526185 526186 526187 526188 &
    526191 526192 526193 526194 526195 526196 526197 526198 526201 526202 526203 526204 &
    526205 526206 526207 526208 526209 526210 526211 526212 526213 526214 526215 526216 &
    526217 526218 526219 526220 526221 526222 526223 526224 526225 526226 526229 526230 &
    526231 526232 526233 526234 526237 526238 526239 526240 526241 526242 526245 526246 &
    526247 526248 526249 526250 526253 526254 526255 526256 526257 526258 526261 526262 &
    526263 526264 526265 526266 526269 526270 526271 526272 526273 526274 526277 526278 &
    526279 526280 526281 526282 526285 526286 526287 526288 526289 526290 526293 526294 &
    526295 526296 526299 526300 526309 526310 526319 526320 526329 526330 526339 526340 &
    526349 526350 526359 526360 526369 526370 526379 526380 535273 535274 535277 535278 &
    535279 535280 535281 535282 535283 535284 535287 535288 535289 535290 535291 535292 &
    535293 535294 535297 535298 535299 535300 535301 535302 535303 535304 535307 535308 &
    535309 535310 535311 535312 535313 535314 535317 535318 535319 535320 535321 535322 &
    535323 535324 535327 535328 535329 535330 535331 535332 535333 535334 535337 535338 &
    535339 535340 535341 535342 535343 535344 535347 535348 535349 535350 535351 535352 &
    535353 535354 535357 535358 535359 535360 535361 535362 535363 535364 535365 535366 &
    535367 535368 535369 535370 535371 535372 535373 535374 535375 535376 535377 535378 &
    535379 535380 535381 535382 535385 535386 535387 535388 535389 535390 535393 535394 &
    535395 535396 535397 535398 535401 535402 535403 535404 535405 535406 535409 535410 &
    535411 535412 535413 535414 535417 535418 535419 535420 535421 535422 535425 535426 &
    535427 535428 535429 535430 535433 535434 535435 535436 535437 535438 535441 535442 &
    535443 535444 535445 535446 535449 535450 535451 535452 535455 535456 535465 535466 &
    535475 535476 535485 535486 535495 535496 535505 535506 535515 535516 535525 535526 &
    535535 535536 544253 544254 544255 544256 544257 544258 544259 544260 544263 544264 &
    544265 544266 544267 544268 544269 544270 544273 544274 544275 544276 544277 544278 &
    544279 544280 544283 544284 544285 544286 544287 544288 544289 544290 544293 544294 &
    544295 544296 544297 544298 544299 544300 544303 544304 544305 544306 544307 544308 &
    544309 544310 544313 544314 544315 544316 544317 544318 544319 544320 544323 544324 &
    544325 544326 544327 544328 544329 544330 544333 544334 544335 544336 544337 544338 &
    544339 544340 544341 544342 544343 544344 544345 544346 544347 544348 544349 544350 &
    544351 544352 544353 544354 544355 544356 544357 544358 544361 544362 544363 544364 &
    544365 544366 544369 544370 544371 544372 544373 544374 544377 544378 544379 544380 &
    544381 544382 544385 544386 544387 544388 544389 544390 544393 544394 544395 544396 &
    544397 544398 544401 544402 544403 544404 544405 544406 544409 544410 544411 544412 &
    544413 544414 544417 544418 544419 544420 544421 544422 544425 544426 544427 544428 &
    544431 544432 544441 544442 544451 544452 544461 544462 544471 544472 544481 544482 &
    544491 544492 544501 544502 544511 544512 553079 553080 553081 553082 553083 553084 &
    553085 553086 553089 553090 553091 553092 553093 553094 553095 553096 553099 553100 &
    553101 553102 553103 553104 553105 553106 553109 553110 553111 553112 553113 553114 &
    553115 553116 553119 553120 553121 553122 553123 553124 553125 553126 553129 553130 &
    553131 553132 553133 553134 553147 553148 553149 553150 553151 553152 553153 553154 &
    553155 553156 553157 553158 553159 553160 553161 553162 553163 553164 553165 553166 &
    553167 553168 553171 553172 553173 553174 553175 553176 553179 553180 553181 553182 &
    553183 553184 553187 553188 553189 553190 553191 553192 553195 553196 553197 553198 &
    553199 553200 553203 553204 553205 553206 553207 553208 553211 553212 553213 553214 &
    553215 553216 553219 553220 553221 553222 553223 553224 553227 553228 553229 553230 &
    553231 553232 553235 553236 553237 553238 553239 553240 553243 553244 553245 553246 &
    553249 553250 553259 553260 553269 553270 553279 553280 553289 553290 553299 553300 &
    553309 553310 553319 553320 553329 553330 561747 561748 561749 561750 561751 561752 &
    561753 561754 561757 561758 561759 561760 561761 561762 561763 561764 561767 561768 &
    561769 561770 561771 561772 561815 561816 561817 561818 561819 561820 561821 561822 &
    561823 561824 561825 561826 561827 561828 561829 561830 561857 561858 561863 561864 &
    561865 561866 561879 561880 561883 561884 561885 561886 561891 561892 561893 561894 &
    561895 561896 561899 561900 561901 561902 561903 561904 561907 561908 561909 561910 &
    561911 561912 561915 561916 561917 561918 561919 561920 561923 561924 561925 561926 &
    561927 561928 561931 561932 561933 561934 561935 561936 561939 561940 561941 561942 &
    561955 561956 561965 561966 561975 561976 561985 561986 561995 561996 562005 562006 &
    562015 562016 562025 562026 570361 570362 570363 570364 570365 570366 570367 570368 &
    570369 570370 570427 570428 570433 570434 570435 570436 570479 570480 570483 570484 &
    570485 570486 570491 570492 570493 570494 570495 570496 570499 570500 570501 570502 &
    570503 570504 570507 570508 570509 570510 570511 570512 570515 570516 570517 570518 &
    570561 570562 570571 570572 570581 570582 570591 570592 570601 570602 578861 578862 &
    578937 578938 578941 578942 578943 578944 578949 578950 578951 578952 579025 579026 &
    579035 579036
