# defect_group_E.txt -- auto-generated from CONFIG.E
# Method: for every Nb_core (type 2), the 6th-nearest O_core (type 3)
# neighbor (periodic min-image) should sit at ~1.977 A in a complete
# BO6 octahedron. Flagged here: 6th-nearest > 2.2 A, i.e. the ion is
# missing at least one real oxygen neighbor due to the collision-cleanup
# and/or stoichiometry-restoration deletion steps in the builder.
# 710 Nb ions flagged (0.907% of 78281), 1420 atoms (core+shell) tethered.
group           defects id 26493 26494 27553 27554 28083 28084 28093 28094 28363 28364 28373 28374 28383 28384 28393 &
                28394 28403 28404 28413 28414 28423 28424 28433 28434 28443 28444 28453 28454 28463 28464 &
                28473 28474 28483 28484 28493 28494 28503 28504 28513 28514 28523 28524 28533 28534 28543 &
                28544 28553 28554 28563 28564 28573 28574 28583 28584 28593 28594 28601 28602 28611 28612 &
                29453 29454 30507 30508 31561 31562 32615 32616 33669 33670 34723 34724 35777 35778 36831 &
                36832 37885 37886 38939 38940 39993 39994 41047 41048 42101 42102 43155 43156 44209 44210 &
                45263 45264 46317 46318 47371 47372 48425 48426 49479 49480 50533 50534 51587 51588 52641 &
                52642 53695 53696 54749 54750 55803 55804 56857 56858 57911 57912 58965 58966 60019 60020 &
                61073 61074 62127 62128 63181 63182 64235 64236 65289 65290 66343 66344 67397 67398 68451 &
                68452 69505 69506 70559 70560 71613 71614 72667 72668 73721 73722 74775 74776 75829 75830 &
                76883 76884 77937 77938 78991 78992 80045 80046 81099 81100 82153 82154 83207 83208 83737 &
                83738 84261 84262 85321 85322 86381 86382 138321 138322 139381 139382 139911 139912 139921 139922 &
                140111 140112 140121 140122 140131 140132 140141 140142 140151 140152 140161 140162 140171 140172 140181 &
                140182 140189 140190 140195 140196 140201 140202 140207 140208 140213 140214 140219 140220 140225 140226 &
                140231 140232 140237 140238 140243 140244 140249 140250 140255 140256 140261 140262 140267 140268 140273 &
                140274 140279 140280 140285 140286 140291 140292 140297 140298 140303 140304 140309 140310 140315 140316 &
                140321 140322 140327 140328 140333 140334 140339 140340 141389 141390 142443 142444 143497 143498 144551 &
                144552 145605 145606 146659 146660 147713 147714 148767 148768 149821 149822 150875 150876 151929 151930 &
                152983 152984 154037 154038 155091 155092 156145 156146 157199 157200 158253 158254 159307 159308 160361 &
                160362 161415 161416 162469 162470 163523 163524 164577 164578 165631 165632 166685 166686 167739 167740 &
                168793 168794 169847 169848 170901 170902 171955 171956 173009 173010 174063 174064 175117 175118 176171 &
                176172 177225 177226 178279 178280 179333 179334 180387 180388 181441 181442 182495 182496 183549 183550 &
                184603 184604 185657 185658 186711 186712 187765 187766 188819 188820 189873 189874 190927 190928 191981 &
                191982 193035 193036 194089 194090 195143 195144 195673 195674 196197 196198 197257 197258 198317 198318 &
                250257 250258 251317 251318 251685 251686 251693 251694 251701 251702 251709 251710 251717 251718 251725 &
                251726 251733 251734 251743 251744 251751 251752 251759 251760 251767 251768 251775 251776 251783 251784 &
                251791 251792 251799 251800 251807 251808 251815 251816 251823 251824 251831 251832 251839 251840 251847 &
                251848 251855 251856 251863 251864 251871 251872 251879 251880 251887 251888 251895 251896 251903 251904 &
                251907 251908 251911 251912 251915 251916 251919 251920 251923 251924 251927 251928 251931 251932 251935 &
                251936 251939 251940 251943 251944 251947 251948 251951 251952 251955 251956 251959 251960 251963 251964 &
                251967 251968 251971 251972 251975 251976 251979 251980 251983 251984 251987 251988 251995 251996 252003 &
                252004 252011 252012 252019 252020 252027 252028 252035 252036 252043 252044 252047 252048 252051 252052 &
                252055 252056 252061 252062 252069 252070 252911 252912 253965 253966 255019 255020 256073 256074 257127 &
                257128 258181 258182 259235 259236 260289 260290 261343 261344 262397 262398 263451 263452 264505 264506 &
                265559 265560 266613 266614 267667 267668 268721 268722 269775 269776 270829 270830 271883 271884 272937 &
                272938 273991 273992 275045 275046 276099 276100 277153 277154 278207 278208 279261 279262 280315 280316 &
                281369 281370 282423 282424 283477 283478 284531 284532 285585 285586 286639 286640 287693 287694 288747 &
                288748 289801 289802 290855 290856 291909 291910 292963 292964 294017 294018 295071 295072 296125 296126 &
                297179 297180 298233 298234 299287 299288 300341 300342 301395 301396 302449 302450 303503 303504 304557 &
                304558 305611 305612 306665 306666 307195 307196 307719 307720 308779 308780 309839 309840 361779 361780 &
                362839 362840 362849 362850 362859 362860 362869 362870 362879 362880 362889 362890 362899 362900 362909 &
                362910 362919 362920 362929 362930 362939 362940 362949 362950 362959 362960 362969 362970 362979 362980 &
                362989 362990 362999 363000 363009 363010 363019 363020 363029 363030 363039 363040 363049 363050 363059 &
                363060 363069 363070 363079 363080 363089 363090 363099 363100 363109 363110 363229 363230 363239 363240 &
                363249 363250 363259 363260 363269 363270 363279 363280 363289 363290 363297 363298 363303 363304 363309 &
                363310 363315 363316 363321 363322 363327 363328 363333 363334 363339 363340 363345 363346 363351 363352 &
                363357 363358 363363 363364 363369 363370 363375 363376 363381 363382 363387 363388 363393 363394 363399 &
                363400 363405 363406 363411 363412 363417 363418 363423 363424 363429 363430 363435 363436 363441 363442 &
                363447 363448 363453 363454 363459 363460 363465 363466 363471 363472 363477 363478 363483 363484 363489 &
                363490 363495 363496 363501 363502 363507 363508 363513 363514 363519 363520 363525 363526 363531 363532 &
                363537 363538 363543 363544 363549 363550 363555 363556 363561 363562 363567 363568 363573 363574 363579 &
                363580 363585 363586 363591 363592 363597 363598 363603 363604 363609 363610 363615 363616 363621 363622 &
                363627 363628 363633 363634 363639 363640 363645 363646 363651 363652 363657 363658 364707 364708 365761 &
                365762 366815 366816 367869 367870 368923 368924 369977 369978 371031 371032 372085 372086 373139 373140 &
                374193 374194 375247 375248 376301 376302 377355 377356 378409 378410 379463 379464 380517 380518 381571 &
                381572 382625 382626 383679 383680 384733 384734 385787 385788 386841 386842 387895 387896 388949 388950 &
                390003 390004 391057 391058 392111 392112 393165 393166 394219 394220 395273 395274 396327 396328 397381 &
                397382 398435 398436 399489 399490 400543 400544 401597 401598 402651 402652 403705 403706 404759 404760 &
                405813 405814 406867 406868 407921 407922 408975 408976 410029 410030 411083 411084 412137 412138 413191 &
                413192 414245 414246 415299 415300 416353 416354 417407 417408 418461 418462 418991 418992 419515 419516 &
                420575 420576 421635 421636 473575 473576 474635 474636 474645 474646 474651 474652 474657 474658 474663 &
                474664 474669 474670 474675 474676 474681 474682 474687 474688 474693 474694 474699 474700 474705 474706 &
                474711 474712 474717 474718 474723 474724 474729 474730 474735 474736 474741 474742 474747 474748 474753 &
                474754 474759 474760 474765 474766 474771 474772 474777 474778 474783 474784 474789 474790 474795 474796 &
                474801 474802 474907 474908 474917 474918 474923 474924 474929 474930 474935 474936 474941 474942 474947 &
                474948 474953 474954 474959 474960 474965 474966 474971 474972 475019 475020 475029 475030 475189 475190 &
                475199 475200 475205 475206 475211 475212 475217 475218 475223 475224 475229 475230 475235 475236 475241 &
                475242 475247 475248 475253 475254 475259 475260 475265 475266 475269 475270 475273 475274 475277 475278 &
                475281 475282 475285 475286 475289 475290 475293 475294 475297 475298 475301 475302 475305 475306 475309 &
                475310 475313 475314 475317 475318 475321 475322 475325 475326 475329 475330 475333 475334 475337 475338 &
                475341 475342 475345 475346 475349 475350 475353 475354 475357 475358 475361 475362 476355 476356 477409 &
                477410 478463 478464 479517 479518 480571 480572 481625 481626 482679 482680 483733 483734 484787 484788 &
                485841 485842 486895 486896 487949 487950 489003 489004 490057 490058 491111 491112 492165 492166 493219 &
                493220 494273 494274 495327 495328 496381 496382 497435 497436 498489 498490 499543 499544 500597 500598 &
                501651 501652 502705 502706 503759 503760 504813 504814 505867 505868 506921 506922 507975 507976 509029 &
                509030 510083 510084 511137 511138 512191 512192 513245 513246 514299 514300 515353 515354 516407 516408 &
                517461 517462 518515 518516 519569 519570 520623 520624 521677 521678 522731 522732 523785 523786 524839 &
                524840 525893 525894 526947 526948 528001 528002 529055 529056 530109 530110 530639 530640 531163 531164 &
                532223 532224 533283 533284 585223 585224 586283 586284 586293 586294 586811 586812 586821 586822 587339 &
                587340 588393 588394 589447 589448 590501 590502 591555 591556 592609 592610 593663 593664 594717 594718 &
                595771 595772 596825 596826 597879 597880 598933 598934 599987 599988 601041 601042 602095 602096 603149 &
                603150 604203 604204 605257 605258 606311 606312 607365 607366 608419 608420 609473 609474 610527 610528 &
                611581 611582 612635 612636 613689 613690 614743 614744 615797 615798 616851 616852 617905 617906 618959 &
                618960 620013 620014 621067 621068 622121 622122 623175 623176 624229 624230 625283 625284 626337 626338 &
                627391 627392 628445 628446 629499 629500 630553 630554 631607 631608 632661 632662 633715 633716 634769 &
                634770 635823 635824 636877 636878 637931 637932 638985 638986 640039 640040 641093 641094 642147 642148 &
                642677 642678 643201 643202 644261 644262 645321 645322 697261 697262 698321 698322 698851 698852 698861 &
                698862 699381 699382 700435 700436 701489 701490 702543 702544 703597 703598 704651 704652 705705 705706 &
                706759 706760 707813 707814 708867 708868 709921 709922 710975 710976 712029 712030 713083 713084 714137 &
                714138 715191 715192 716245 716246 717299 717300 718353 718354 719407 719408 720461 720462 721515 721516 &
                722569 722570 723623 723624 724677 724678 725731 725732 726785 726786 727839 727840 728893 728894 729947 &
                729948 731001 731002 732055 732056 733109 733110 734163 734164 735217 735218 736271 736272 737325 737326 &
                738379 738380 739433 739434 740487 740488 741541 741542 742595 742596 743649 743650 744703 744704 745757 &
                745758 746811 746812 747865 747866 748919 748920 749973 749974 751027 751028 752081 752082 753135 753136 &
                754189 754190 754719 754720 755243 755244 756303 756304 757363 757364
